2.00e+00  2.50e+00  3.00e+00  3.50e+00  4.00e+00  4.50e+00  5.00e+00
 
2.00e-02  2.00e-02  2.00e-02  2.00e-02  2.00e-02  2.00e-02  2.00e-02
 
3.06e+01  2.72e+01  2.47e+01  2.34e+01  2.14e+01  2.01e+01  1.91e+01
 
3.41e+01  3.08e+01  2.75e+01  2.41e+01  2.30e+01  2.17e+01  2.05e+01
 
2.00e+00  2.00e+00  2.00e+00  2.00e+00  1.50e+00  1.00e+00  1.00e+00
 
5.31e+01  5.12e+01  4.57e+01  4.24e+01  3.93e+01  3.67e+01  3.46e+01
 
5.90e+01  5.40e+01  4.93e+01  4.51e+01  4.24e+01  4.03e+01  3.72e+01
 
2.00e+00  2.00e+00  2.00e+00  2.00e+00  1.50e+00  1.00e+00  1.00e+00
 
2.65e-02  2.38e-02  2.18e-02  2.08e-02  1.91e-02  1.81e-02  1.73e-02
 
1.35e-01  1.32e-01  1.29e-01  1.28e-01  1.27e-01  1.27e-01  1.26e-01
 
2.94e-02  2.68e-02  2.41e-02  2.13e-02  2.04e-02  1.94e-02  1.84e-02
 
1.35e-01  1.32e-01  1.29e-01  1.28e-01  1.27e-01  1.27e-01  1.26e-01
 
1.53e-02  1.37e-02  1.26e-02  1.20e-02  1.11e-02  1.04e-02  9.97e-03
 
1.35e-01  1.32e-01  1.29e-01  1.28e-01  1.27e-01  1.27e-01  1.26e-01
 
1.70e-02  1.55e-02  1.39e-02  1.23e-02  1.18e-02  1.12e-02  1.06e-02
 
1.35e-01  1.32e-01  1.29e-01  1.28e-01  1.27e-01  1.27e-01  1.26e-01
 
2.74e-02  2.45e-02  2.24e-02  2.07e-02  1.94e-02  1.83e-02  1.73e-02
 
7.07e-02  6.32e-02  5.77e-02  5.35e-02  5.00e-02  4.71e-02  4.47e-02
 
5.05e-02  5.00e-02  4.37e-02  2.66e-02  3.58e-02  4.01e-02  3.38e-02
 
