1.98e+02 5.00e-01 1.08e+00 5.00e-02 1.12e+01 4.00e-01 1.30e+01 6.03e-01
1.98e+02 5.00e-01 1.30e+00 5.00e-02 9.50e+00 4.00e-01 1.08e+01 4.16e-01
1.98e+02 5.00e-01 1.68e+00 5.00e-02 7.40e+00 4.00e-01 8.37e+00 2.49e-01
1.98e+02 5.00e-01 2.02e+00 5.00e-02 6.30e+00 4.00e-01 6.96e+00 1.72e-01
1.98e+02 5.00e-01 2.31e+00 5.00e-02 5.50e+00 4.00e-01 6.08e+00 1.32e-01
1.98e+02 5.00e-01 2.59e+00 5.00e-02 4.80e+00 4.00e-01 5.43e+00 1.05e-01
1.98e+02 5.00e-01 3.01e+00 5.00e-02 4.00e+00 4.00e-01 4.67e+00 7.78e-02
2.57e+02 5.00e-01 1.20e+00 5.00e-02 1.17e+01 4.00e-01 1.34e+01 5.57e-01
2.57e+02 5.00e-01 1.60e+00 5.00e-02 8.70e+00 4.00e-01 1.00e+01 3.13e-01
2.57e+02 5.00e-01 1.90e+00 5.00e-02 7.40e+00 4.00e-01 8.44e+00 2.22e-01
2.57e+02 5.00e-01 2.31e+00 5.00e-02 6.00e+00 4.00e-01 6.94e+00 1.50e-01
2.57e+02 5.00e-01 2.60e+00 5.00e-02 5.40e+00 4.00e-01 6.16e+00 1.19e-01
2.57e+02 5.00e-01 3.01e+00 5.00e-02 4.60e+00 4.00e-01 5.32e+00 8.86e-02
3.00e+02 5.00e-01 1.30e+00 5.00e-02 1.15e+01 4.00e-01 1.33e+01 5.12e-01
3.00e+02 5.00e-01 1.63e+00 5.00e-02 9.40e+00 4.00e-01 1.06e+01 3.26e-01
3.00e+02 5.00e-01 1.99e+00 5.00e-02 7.50e+00 4.00e-01 8.70e+00 2.19e-01
3.00e+02 5.00e-01 2.31e+00 5.00e-02 6.30e+00 4.00e-01 7.50e+00 1.62e-01
3.00e+02 5.00e-01 2.60e+00 5.00e-02 5.20e+00 4.00e-01 6.66e+00 1.28e-01
3.00e+02 5.00e-01 3.01e+00 5.00e-02 4.70e+00 4.00e-01 5.75e+00 9.57e-02
3.45e+02 5.00e+00 1.50e+00 5.00e-02 1.11e+01 4.00e-01 1.24e+01 4.22e-01
3.45e+02 5.00e+00 2.00e+00 5.00e-02 8.30e+00 4.00e-01 9.29e+00 2.42e-01
3.45e+02 5.00e+00 2.50e+00 5.00e-02 6.60e+00 4.00e-01 7.43e+00 1.58e-01
3.45e+02 5.00e+00 2.99e+00 5.00e-02 5.50e+00 4.00e-01 6.21e+00 1.13e-01
