1.017045454545454503e-02
2.460227272727272818e-01
3.431818181818181435e-01
4.448863636363636354e-01
5.465909090909090162e-01
5.909090909090909394e-01
6.363636363636364646e-01
6.761363636363636465e-01
6.988636363636363535e-01
7.045454545454545858e-01
7.102272727272727071e-01
7.159090909090909394e-01
8.465909090909090606e-01
9.147727272727272929e-01
9.715909090909090606e-01
9.943181818181817677e-01
9.715909090909090606e-01
9.034090909090909394e-01
8.465909090909090606e-01
8.238636363636363535e-01
7.897727272727271819e-01
7.556818181818182323e-01
7.386363636363636465e-01
7.272727272727272929e-01
7.215909090909090606e-01
7.045454545454545858e-01
6.875000000000000000e-01
6.534090909090908283e-01
5.852272727272727071e-01
4.153409090909090939e-01
2.508571428571428341e-01
1.132183908045977100e-01
6.416184971098265466e-02
2.906976744186046818e-02
1.656976744186046749e-02
1.075581395348837108e-02
